[flameD.tif]
moddate=2e0ec48ceabfcf01
width=256
height=256
text=1;140;11;ExpertCoder;Comic Sans MS;0.133758,0.784103,0.141133,5.497787;v1,4294967295,4292337255,128.000000,1.000000,0.401869,1.000000,400,2,49160;;
textactive=1
