[fire3.psd]
text=1;140;11;ExpertCoder;Niagara Solid;0.288225,0.597453,0.133333,5.497787;v1,4294967295,4292337255,128.000000,1.000000,0.401869,1.000000,400,2,49160;;
backuphash=52000
textactive=1
[flameD.tif.jpg]
backuphash=65194
